
5
   1   2   3   4   5
---------------------------------------------------------------------------------
   0   1   2   1   1
   1   0   1   2   1
   2   1   0   1   1
   1   2   1   0   1
   1   1   1   1   0

SUM =   24


EDGE : [ v1 v2 v3  ]

5
   5   4   1   2   3
---------------------------------------------------------------------------------
   0   1   1   1   1
   1   0   1   2   1
   1   1   0   1   2
   1   2   1   0   1
   1   1   2   1   0

SUM =   24

**********************************************************************
EDGE : [ v4 v5 v2  ]

5
   3   1   4   5   2
---------------------------------------------------------------------------------
   0   0   1   1   0
   0   0   1   1   0
   1   1   0   1   2
   1   1   1   0   1
   0   0   2   1   0

SUM =   16

**********************************************************************
EDGE : [ v3 v4  ]

5
   5   1   2   3   4
---------------------------------------------------------------------------------
   0   1   0   1   0
   1   0   0   0   1
   0   0   0   0   0
   1   0   0   0   1
   0   1   0   1   0

SUM =    8

**********************************************************************
EDGE : [ v5 v1  ]

5
   3   4   2   5   1
---------------------------------------------------------------------------------
   0   0   0   1   0
   0   0   0   0   1
   0   0   0   0   0
   1   0   0   0   1
   0   1   0   1   0

SUM =    6

**********************************************************************
EDGE : [ v3 v5  ]

5
   1   4   2   3   5
---------------------------------------------------------------------------------
   0   1   0   0   0
   1   0   0   0   0
   0   0   0   0   0
   0   0   0   0   1
   0   0   0   1   0

SUM =    4

**********************************************************************
EDGE : [ v1 v4  ]

5
   3   5   2   1   4
---------------------------------------------------------------------------------
   0   0   0   0   0
   0   0   0   0   0
   0   0   0   0   0
   0   0   0   0   1
   0   0   0   1   0

SUM =    2

**********************************************************************
--------------------END------------------------------------
